-0.462357342 -0.06354084 0.402875245 0.278610229 0.418030649
-0.3242142 0.495550334 1.10009921 0.455306143 -0.326206118 
0.543657839 0.8271128 0.735575736 -0.105915144 -0.9084736 
0.440316558 -0.174130931 -0.41283384 -0.172881752 -0.07881479 
-0.0678291842 -0.425477147 -0.5091667 -0.131035388 0.374953538 

-0.0530172437 -0.04601433 -0.04392512 -0.0452957861 -0.0465796851 
-0.0164398439 -0.0273367483 -0.0450324342 0.003240378 0.0242683 
0.048880484 0.003662417 0.0406181738 0.036674872 0.0315409377 
0.03624955 -0.0255729724 0.034720052 -0.0144980624 -0.08418832 
0.03681406 -0.0827125758 -0.0672356039 -0.07087683 -0.0333164372 

-0.317822665 0.3735025 0.472575426 0.472742647 -0.01023867 
-0.5523615 -0.245148122 0.335524231 1.0457896 0.6123972 
-0.464377046 -0.465970725 0.06431104 0.911628067 0.8020995 
-0.6649683 -0.8114868 -0.108990423 0.500663042 0.612307668 
-0.8184727 -0.512375534 -0.0424816832 0.370402962 0.102099955 

0.4776278 0.3814612 0.346393853 0.37585777 0.575033367 
0.477774441 0.6754487 0.801740766 0.787257135 0.606914043 
-0.230095848 0.363362 0.499072671 0.165770724 -0.005781513 
-0.6519558 -0.560606956 -0.405904561 -0.0944706649 -0.276064724 
-0.6103332 -0.8038934 -0.790214837 -0.6604593 -0.0533305742 

0.09435452 0.428777754 0.658776939 0.5316234 0.0572924055 
0.3077472 0.8413612 0.8610716 0.20568794 -0.379621267 
0.474182278 0.903034449 0.286588579 -0.369384617 -0.32983157 
0.484011441 0.379258037 -0.194510356 -0.588529468 -0.126545012 
0.5830272 0.154436022 -0.283093572 -0.420008451 -0.305254519